--------------------------------------------------------------------------------------------
      name:  <unnamed>
       log:  /Users/elyn/Desktop/Dissertation/Zoning Laws and Labor Market Inequality/Data I
> n Use/gelbach.log
  log type:  text
 opened on:  13 Oct 2019, 22:47:30

. do "/Users/elyn/Desktop/Dissertation/Zoning Laws and Labor Market Inequality/Data In Use/g
> elbach-decomposition.do"

. ****************************************************************
. *Computing Gelbach Decomposition coefficient
. *************************************************************
. 
. 
. *import and adjust
. 
. use "/Users/elyn/Desktop/Dissertation/Zoning Laws and Labor Market Inequality/Data In Use/
> poli.dta"
(Written by R.              )

. destring, replace
Mshare already numeric; no replace
Cshare already numeric; no replace
FAR already numeric; no replace
Bshare already numeric; no replace
lAvFI already numeric; no replace
immigshare already numeric; no replace
lTotPop already numeric; no replace
water already numeric; no replace
emp already numeric; no replace
emp2 already numeric; no replace
emp3 already numeric; no replace
emp4 already numeric; no replace
stadis already numeric; no replace
stadis2 already numeric; no replace
stadis3 already numeric; no replace
stadis4 already numeric; no replace
stations already numeric; no replace
manhattan already numeric; no replace
brooklyn already numeric; no replace
island already numeric; no replace
queens already numeric; no replace
bronx already numeric; no replace
ownerosh already numeric; no replace

. 
. global geo water emp emp2 emp3 emp4 stadis stadis2 stadis3 stadis4 stations

. global boroNM brooklyn island bronx

. 
. * non manhattan
. 
. preserve

. drop if manhattan==1
(284 observations deleted)

. 
. local controls lTotPop $geo $boroNM

. 
. b1x2 FAR, x1all(lAvFI `controls') x2all(ownerosh Bshare immigshare) x2delta(g1 =ownerosh :
> g1=Bshare:g3=immigshare) x1only(lAvFI)

                                                      Number of obs = 3268


Restricted regression:

. b1x2: reg FAR lAvFI lTotPop water emp emp2 emp3 emp4 stadis stadis2 stadis3 stadis4 statio
> ns brooklyn island bronx      

------------------------------------------------------------------------------
         FAR |      Coef.   Std. Err.      z    P>|z|     [95% Conf. Interval]
-------------+----------------------------------------------------------------
       lAvFI |  -.2761092    .037536    -7.36   0.000    -.3496784   -.2025399
     lTotPop |   .0820345   .0081986    10.01   0.000     .0659655    .0981035
       water |  -.0314257   .0256369    -1.23   0.220    -.0816731    .0188218
         emp |   .0002746   .0000494     5.56   0.000     .0001779    .0003714
        emp2 |  -3.56e-08   4.75e-09    -7.49   0.000    -4.49e-08   -2.63e-08
        emp3 |   1.43e-12   1.85e-13     7.71   0.000     1.06e-12    1.79e-12
        emp4 |  -1.84e-17   2.50e-18    -7.37   0.000    -2.33e-17   -1.35e-17
      stadis |  -.0011243   .0000716   -15.70   0.000    -.0012647    -.000984
     stadis2 |   4.77e-07   3.65e-08    13.05   0.000     4.05e-07    5.48e-07
     stadis3 |  -7.60e-11   6.80e-12   -11.18   0.000    -8.93e-11   -6.26e-11
     stadis4 |   4.21e-15   4.10e-16    10.29   0.000     3.41e-15    5.02e-15
    stations |   .0866874   .0331381     2.62   0.009     .0217379    .1516368
    brooklyn |   .1812507   .0255888     7.08   0.000     .1310976    .2314038
      island |   .1286142   .0303982     4.23   0.000     .0690349    .1881935
       bronx |     .68235   .0302467    22.56   0.000     .6230676    .7416324
       _cons |   3.177565   .3460738     9.18   0.000     2.499272    3.855857
------------------------------------------------------------------------------

Unrestricted regression:

. b1x2: reg FAR lAvFI lTotPop water emp emp2 emp3 emp4 stadis stadis2 stadis3 stadis4 statio
> ns brooklyn island bronx  ownerosh Bshare immigshare      
------------------------------------------------------------------------------
         FAR |      Coef.   Std. Err.      z    P>|z|     [95% Conf. Interval]
-------------+----------------------------------------------------------------
       lAvFI |  -.0036633   .0401595    -0.09   0.927    -.0823746     .075048
     lTotPop |   .0584342   .0077231     7.57   0.000     .0432971    .0735712
       water |  -.1033386   .0243482    -4.24   0.000    -.1510602    -.055617
         emp |   .0002188   .0000462     4.74   0.000     .0001283    .0003093
        emp2 |  -2.84e-08   4.44e-09    -6.38   0.000    -3.71e-08   -1.97e-08
        emp3 |   1.13e-12   1.73e-13     6.53   0.000     7.90e-13    1.47e-12
        emp4 |  -1.42e-17   2.34e-18    -6.08   0.000    -1.88e-17   -9.62e-18
      stadis |  -.0007691   .0000686   -11.22   0.000    -.0009036   -.0006347
     stadis2 |   3.62e-07   3.44e-08    10.52   0.000     2.95e-07    4.29e-07
     stadis3 |  -5.97e-11   6.37e-12    -9.37   0.000    -7.22e-11   -4.72e-11
     stadis4 |   3.36e-15   3.83e-16     8.77   0.000     2.61e-15    4.11e-15
    stations |   .1273874   .0308382     4.13   0.000     .0669456    .1878293
    brooklyn |   .0931178   .0241868     3.85   0.000     .0457126    .1405229
      island |   .1279823    .028565     4.48   0.000     .0719958    .1839687
       bronx |   .4754697   .0300949    15.80   0.000     .4164848    .5344546
    ownerosh |  -.9363435   .0464489   -20.16   0.000    -1.027382   -.8453054
      Bshare |   .6066279    .089249     6.80   0.000     .4317031    .7815527
  immigshare |   1.860293   .1480669    12.56   0.000     1.570087    2.150499
       _cons |   .9139927   .3493965     2.62   0.009     .2291881    1.598797
------------------------------------------------------------------------------

Decomposition of changes in coefficients on x1 vars:

       lAvFI lTotPop water emp emp2 emp3 emp4 stadis stadis2 stadis3 stadis4 stations brookl
> yn island bronx

into parts due to these groups:

g1  = ownerosh

g1 = Bshare

g3 = immigshare

------------------------------------------------------------------------------
         FAR |      Coef.   Std. Err.      z    P>|z|     [95% Conf. Interval]
-------------+----------------------------------------------------------------
lAvFI        |
          g1 |  -.2987617   .0193392   -15.45   0.000    -.3366657   -.2608577
          g1 |  -.2987617   .0193392   -15.45   0.000    -.3366657   -.2608577
          g3 |   .1119013   .0120122     9.32   0.000     .0883579    .1354447
        __TC |  -.4856221   .0393672   -12.34   0.000    -.5627803   -.4084639
------------------------------------------------------------------------------

Note: The __TC...  line is the sum of all x2 variables' impacts on each x1.
      The reported covariance between this coef and all others is zero.
      This is NOT correct!!

Done with -b1x2-.


. b1x2 FAR, x1all(Bshare `controls') x2all(ownerosh lAvFI immigshare) x2delta(g1 =ownerosh :
> g1=lAvFI:g3=immigshare) x1only(Bshare)

                                                      Number of obs = 3268


Restricted regression:

. b1x2: reg FAR Bshare lTotPop water emp emp2 emp3 emp4 stadis stadis2 stadis3 stadis4 stati
> ons brooklyn island bronx      

------------------------------------------------------------------------------
         FAR |      Coef.   Std. Err.      z    P>|z|     [95% Conf. Interval]
-------------+----------------------------------------------------------------
      Bshare |   .3716054   .0872369     4.26   0.000     .2006243    .5425865
     lTotPop |   .0798312   .0082957     9.62   0.000     .0635719    .0960904
       water |   .0003583   .0253902     0.01   0.989    -.0494057    .0501222
         emp |   .0002305   .0000497     4.64   0.000     .0001332    .0003278
        emp2 |  -3.24e-08   4.79e-09    -6.77   0.000    -4.18e-08   -2.30e-08
        emp3 |   1.33e-12   1.87e-13     7.14   0.000     9.67e-13    1.70e-12
        emp4 |  -1.74e-17   2.52e-18    -6.90   0.000    -2.23e-17   -1.24e-17
      stadis |  -.0011724   .0000719   -16.31   0.000    -.0013134   -.0010315
     stadis2 |   5.04e-07   3.66e-08    13.78   0.000     4.33e-07    5.76e-07
     stadis3 |  -8.12e-11   6.80e-12   -11.94   0.000    -9.45e-11   -6.78e-11
     stadis4 |   4.52e-15   4.10e-16    11.02   0.000     3.71e-15    5.32e-15
    stations |   .0901717   .0333148     2.71   0.007      .024876    .1554675
    brooklyn |   .2234813   .0249857     8.94   0.000     .1745103    .2724523
      island |   .1516289   .0304016     4.99   0.000     .0920429    .2112149
       bronx |   .7142576   .0300098    23.80   0.000     .6554394    .7730758
       _cons |   1.088674   .1858527     5.86   0.000     .7244095    1.452939
------------------------------------------------------------------------------

Unrestricted regression:

. b1x2: reg FAR Bshare lTotPop water emp emp2 emp3 emp4 stadis stadis2 stadis3 stadis4 stati
> ons brooklyn island bronx  ownerosh lAvFI immigshare      
------------------------------------------------------------------------------
         FAR |      Coef.   Std. Err.      z    P>|z|     [95% Conf. Interval]
-------------+----------------------------------------------------------------
      Bshare |   .6066279    .089249     6.80   0.000     .4317031    .7815527
     lTotPop |   .0584342   .0077231     7.57   0.000     .0432971    .0735712
       water |  -.1033386   .0243482    -4.24   0.000    -.1510602    -.055617
         emp |   .0002188   .0000462     4.74   0.000     .0001283    .0003093
        emp2 |  -2.84e-08   4.44e-09    -6.38   0.000    -3.71e-08   -1.97e-08
        emp3 |   1.13e-12   1.73e-13     6.53   0.000     7.90e-13    1.47e-12
        emp4 |  -1.42e-17   2.34e-18    -6.08   0.000    -1.88e-17   -9.62e-18
      stadis |  -.0007691   .0000686   -11.22   0.000    -.0009036   -.0006347
     stadis2 |   3.62e-07   3.44e-08    10.52   0.000     2.95e-07    4.29e-07
     stadis3 |  -5.97e-11   6.37e-12    -9.37   0.000    -7.22e-11   -4.72e-11
     stadis4 |   3.36e-15   3.83e-16     8.77   0.000     2.61e-15    4.11e-15
    stations |   .1273874   .0308382     4.13   0.000     .0669456    .1878293
    brooklyn |   .0931178   .0241868     3.85   0.000     .0457126    .1405229
      island |   .1279823    .028565     4.48   0.000     .0719958    .1839687
       bronx |   .4754697   .0300949    15.80   0.000     .4164848    .5344546
    ownerosh |  -.9363435   .0464489   -20.16   0.000    -1.027382   -.8453054
       lAvFI |  -.0036633   .0401595    -0.09   0.927    -.0823746     .075048
  immigshare |   1.860293   .1480669    12.56   0.000     1.570087    2.150499
       _cons |   .9139927   .3493965     2.62   0.009     .2291881    1.598797
------------------------------------------------------------------------------

Decomposition of changes in coefficients on x1 vars:

       Bshare lTotPop water emp emp2 emp3 emp4 stadis stadis2 stadis3 stadis4 stations brook
> lyn island bronx

into parts due to these groups:

g1  = ownerosh

g1 = lAvFI

g3 = immigshare

------------------------------------------------------------------------------
         FAR |      Coef.   Std. Err.      z    P>|z|     [95% Conf. Interval]
-------------+----------------------------------------------------------------
Bshare       |
          g1 |   .1313328   .0317579     4.14   0.000     .0690884    .1935771
          g1 |   .1313328   .0317579     4.14   0.000     .0690884    .1935771
          g3 |  -.3691165   .0344801   -10.71   0.000    -.4366962   -.3015368
        __TC |   -.106451   .0692744    -1.54   0.124    -.2422263    .0293243
------------------------------------------------------------------------------

Note: The __TC...  line is the sum of all x2 variables' impacts on each x1.
      The reported covariance between this coef and all others is zero.
      This is NOT correct!!

Done with -b1x2-.


. b1x2 FAR, x1all(immigshare `controls') x2all(ownerosh lAvFI Bshare) x2delta(g1 =ownerosh :
> g1=lAvFI:g3=Bshare) x1only(immigshare)

                                                      Number of obs = 3268


Restricted regression:

. b1x2: reg FAR immigshare lTotPop water emp emp2 emp3 emp4 stadis stadis2 stadis3 stadis4 s
> tations brooklyn island bronx      

------------------------------------------------------------------------------
         FAR |      Coef.   Std. Err.      z    P>|z|     [95% Conf. Interval]
-------------+----------------------------------------------------------------
  immigshare |   .9996455   .1478611     6.76   0.000     .7098432    1.289448
     lTotPop |   .0834067   .0082054    10.16   0.000     .0673245    .0994889
       water |   .0176869   .0254009     0.70   0.486     -.032098    .0674718
         emp |   .0002443   .0000493     4.96   0.000     .0001476    .0003409
        emp2 |  -3.38e-08   4.75e-09    -7.12   0.000    -4.31e-08   -2.45e-08
        emp3 |   1.39e-12   1.85e-13     7.50   0.000     1.03e-12    1.75e-12
        emp4 |  -1.81e-17   2.50e-18    -7.23   0.000    -2.30e-17   -1.32e-17
      stadis |  -.0011183   .0000718   -15.57   0.000     -.001259   -.0009775
     stadis2 |   4.94e-07   3.65e-08    13.56   0.000     4.23e-07    5.66e-07
     stadis3 |  -8.06e-11   6.77e-12   -11.91   0.000    -9.39e-11   -6.73e-11
     stadis4 |   4.52e-15   4.08e-16    11.06   0.000     3.72e-15    5.31e-15
    stations |   .0945113    .033177     2.85   0.004     .0294856     .159537
    brooklyn |   .2117633   .0249661     8.48   0.000     .1628306     .260696
      island |   .1289354   .0304609     4.23   0.000     .0692331    .1886376
       bronx |   .6638244   .0309762    21.43   0.000     .6031123    .7245366
       _cons |   .8065318   .1871686     4.31   0.000     .4396882    1.173375
------------------------------------------------------------------------------

Unrestricted regression:

. b1x2: reg FAR immigshare lTotPop water emp emp2 emp3 emp4 stadis stadis2 stadis3 stadis4 s
> tations brooklyn island bronx  ownerosh lAvFI Bshare      
------------------------------------------------------------------------------
         FAR |      Coef.   Std. Err.      z    P>|z|     [95% Conf. Interval]
-------------+----------------------------------------------------------------
  immigshare |   1.860293   .1480669    12.56   0.000     1.570087    2.150499
     lTotPop |   .0584342   .0077231     7.57   0.000     .0432971    .0735712
       water |  -.1033386   .0243482    -4.24   0.000    -.1510602    -.055617
         emp |   .0002188   .0000462     4.74   0.000     .0001283    .0003093
        emp2 |  -2.84e-08   4.44e-09    -6.38   0.000    -3.71e-08   -1.97e-08
        emp3 |   1.13e-12   1.73e-13     6.53   0.000     7.90e-13    1.47e-12
        emp4 |  -1.42e-17   2.34e-18    -6.08   0.000    -1.88e-17   -9.62e-18
      stadis |  -.0007691   .0000686   -11.22   0.000    -.0009036   -.0006347
     stadis2 |   3.62e-07   3.44e-08    10.52   0.000     2.95e-07    4.29e-07
     stadis3 |  -5.97e-11   6.37e-12    -9.37   0.000    -7.22e-11   -4.72e-11
     stadis4 |   3.36e-15   3.83e-16     8.77   0.000     2.61e-15    4.11e-15
    stations |   .1273874   .0308382     4.13   0.000     .0669456    .1878293
    brooklyn |   .0931178   .0241868     3.85   0.000     .0457126    .1405229
      island |   .1279823    .028565     4.48   0.000     .0719958    .1839687
       bronx |   .4754697   .0300949    15.80   0.000     .4164848    .5344546
    ownerosh |  -.9363435   .0464489   -20.16   0.000    -1.027382   -.8453054
       lAvFI |  -.0036633   .0401595    -0.09   0.927    -.0823746     .075048
      Bshare |   .6066279    .089249     6.80   0.000     .4317031    .7815527
       _cons |   .9139927   .3493965     2.62   0.009     .2291881    1.598797
------------------------------------------------------------------------------

Decomposition of changes in coefficients on x1 vars:

       immigshare lTotPop water emp emp2 emp3 emp4 stadis stadis2 stadis3 stadis4 stations b
> rooklyn island bronx

into parts due to these groups:

g1  = ownerosh

g1 = lAvFI

g3 = Bshare

------------------------------------------------------------------------------
         FAR |      Coef.   Std. Err.      z    P>|z|     [95% Conf. Interval]
-------------+----------------------------------------------------------------
immigshare   |
          g1 |  -.5085327   .0580606    -8.76   0.000    -.6223295   -.3947359
          g1 |  -.5085327   .0580606    -8.76   0.000    -.6223295   -.3947359
          g3 |  -.3487041   .0540615    -6.45   0.000    -.4546627   -.2427455
        __TC |   -1.36577   .1301234   -10.50   0.000    -1.620807   -1.110732
------------------------------------------------------------------------------

Note: The __TC...  line is the sum of all x2 variables' impacts on each x1.
      The reported covariance between this coef and all others is zero.
      This is NOT correct!!

Done with -b1x2-.


. b1x2 FAR, x1all(ownerosh `controls') x2all(immigshare lAvFI Bshare) x2delta(g1 =immigshare
>  :g1=lAvFI:g3=Bshare) x1only(ownerosh)

                                                      Number of obs = 3268


Restricted regression:

. b1x2: reg FAR ownerosh lTotPop water emp emp2 emp3 emp4 stadis stadis2 stadis3 stadis4 sta
> tions brooklyn island bronx      

------------------------------------------------------------------------------
         FAR |      Coef.   Std. Err.      z    P>|z|     [95% Conf. Interval]
-------------+----------------------------------------------------------------
    ownerosh |  -.8648366   .0435411   -19.86   0.000    -.9501756   -.7794976
     lTotPop |   .0675082   .0078464     8.60   0.000     .0521296    .0828869
       water |  -.1221196   .0248319    -4.92   0.000    -.1707892   -.0734501
         emp |   .0002518   .0000469     5.37   0.000     .0001599    .0003436
        emp2 |  -3.22e-08   4.52e-09    -7.14   0.000    -4.11e-08   -2.34e-08
        emp3 |   1.28e-12   1.76e-13     7.28   0.000     9.38e-13    1.63e-12
        emp4 |  -1.63e-17   2.38e-18    -6.84   0.000    -2.10e-17   -1.16e-17
      stadis |  -.0008558   .0000697   -12.27   0.000    -.0009925   -.0007191
     stadis2 |   3.79e-07   3.52e-08    10.76   0.000     3.10e-07    4.48e-07
     stadis3 |  -6.14e-11   6.51e-12    -9.43   0.000    -7.42e-11   -4.86e-11
     stadis4 |   3.46e-15   3.92e-16     8.84   0.000     2.69e-15    4.23e-15
    stations |   .1213797   .0315834     3.84   0.000     .0594775    .1832819
    brooklyn |   .1336151   .0241093     5.54   0.000     .0863616    .1808685
      island |   .1692973   .0288036     5.88   0.000     .1128433    .2257512
       bronx |   .5984189   .0290421    20.61   0.000     .5414974    .6553404
       _cons |   1.166985   .1755335     6.65   0.000     .8229457    1.511024
------------------------------------------------------------------------------

Unrestricted regression:

. b1x2: reg FAR ownerosh lTotPop water emp emp2 emp3 emp4 stadis stadis2 stadis3 stadis4 sta
> tions brooklyn island bronx  immigshare lAvFI Bshare      
------------------------------------------------------------------------------
         FAR |      Coef.   Std. Err.      z    P>|z|     [95% Conf. Interval]
-------------+----------------------------------------------------------------
    ownerosh |  -.9363435   .0464489   -20.16   0.000    -1.027382   -.8453054
     lTotPop |   .0584342   .0077231     7.57   0.000     .0432971    .0735712
       water |  -.1033386   .0243482    -4.24   0.000    -.1510602    -.055617
         emp |   .0002188   .0000462     4.74   0.000     .0001283    .0003093
        emp2 |  -2.84e-08   4.44e-09    -6.38   0.000    -3.71e-08   -1.97e-08
        emp3 |   1.13e-12   1.73e-13     6.53   0.000     7.90e-13    1.47e-12
        emp4 |  -1.42e-17   2.34e-18    -6.08   0.000    -1.88e-17   -9.62e-18
      stadis |  -.0007691   .0000686   -11.22   0.000    -.0009036   -.0006347
     stadis2 |   3.62e-07   3.44e-08    10.52   0.000     2.95e-07    4.29e-07
     stadis3 |  -5.97e-11   6.37e-12    -9.37   0.000    -7.22e-11   -4.72e-11
     stadis4 |   3.36e-15   3.83e-16     8.77   0.000     2.61e-15    4.11e-15
    stations |   .1273874   .0308382     4.13   0.000     .0669456    .1878293
    brooklyn |   .0931178   .0241868     3.85   0.000     .0457126    .1405229
      island |   .1279823    .028565     4.48   0.000     .0719958    .1839687
       bronx |   .4754697   .0300949    15.80   0.000     .4164848    .5344546
  immigshare |   1.860293   .1480669    12.56   0.000     1.570087    2.150499
       lAvFI |  -.0036633   .0401595    -0.09   0.927    -.0823746     .075048
      Bshare |   .6066279    .089249     6.80   0.000     .4317031    .7815527
       _cons |   .9139927   .3493965     2.62   0.009     .2291881    1.598797
------------------------------------------------------------------------------

Decomposition of changes in coefficients on x1 vars:

       ownerosh lTotPop water emp emp2 emp3 emp4 stadis stadis2 stadis3 stadis4 stations bro
> oklyn island bronx

into parts due to these groups:

g1  = immigshare

g1 = lAvFI

g3 = Bshare

------------------------------------------------------------------------------
         FAR |      Coef.   Std. Err.      z    P>|z|     [95% Conf. Interval]
-------------+----------------------------------------------------------------
ownerosh     |
          g1 |   .0968774   .0125977     7.69   0.000     .0721864    .1215685
          g1 |   .0968774   .0125977     7.69   0.000     .0721864    .1215685
          g3 |  -.0236358   .0065866    -3.59   0.000    -.0365453   -.0107263
        __TC |   .1701191   .0239433     7.11   0.000      .123191    .2170471
------------------------------------------------------------------------------

Note: The __TC...  line is the sum of all x2 variables' impacts on each x1.
      The reported covariance between this coef and all others is zero.
      This is NOT correct!!

Done with -b1x2-.


. restore

. 
. *manhattan
. preserve

. drop if manhattan==0
(3,338 observations deleted)

. local controls lTotPop $geo

. b1x2 FAR, x1all(lAvFI `controls') x2all(ownerosh Bshare immigshare) x2delta(g1 =ownerosh :
> g1=Bshare:g3=immigshare) x1only(lAvFI)

                                                      Number of obs = 277


Restricted regression:

. b1x2: reg FAR lAvFI lTotPop water emp emp2 emp3 emp4 stadis stadis2 stadis3 stadis4 statio
> ns      

------------------------------------------------------------------------------
         FAR |      Coef.   Std. Err.      z    P>|z|     [95% Conf. Interval]
-------------+----------------------------------------------------------------
       lAvFI |   3.172566   .4673771     6.79   0.000     2.256524    4.088609
     lTotPop |  -.2930584   .1078723    -2.72   0.007    -.5044842   -.0816326
       water |  -.4092357   .3207603    -1.28   0.202    -1.037914     .219443
         emp |  -.0021849   .0006526    -3.35   0.001     -.003464   -.0009058
        emp2 |   5.01e-07   1.73e-07     2.90   0.004     1.63e-07    8.39e-07
        emp3 |  -4.74e-11   1.69e-11    -2.80   0.005    -8.06e-11   -1.42e-11
        emp4 |   1.43e-15   5.43e-16     2.62   0.009     3.61e-16    2.49e-15
      stadis |   .0062028   .0051632     1.20   0.230    -.0039169    .0163225
     stadis2 |  -.0000132   .0000103    -1.28   0.199    -.0000334    6.97e-06
     stadis3 |   7.87e-09   7.66e-09     1.03   0.304    -7.14e-09    2.29e-08
     stadis4 |  -1.64e-12   1.82e-12    -0.90   0.370    -5.21e-12    1.94e-12
    stations |   1.260601   .2626809     4.80   0.000     .7457558    1.775446
       _cons |  -15.38981   3.938609    -3.91   0.000    -23.10935   -7.670284
------------------------------------------------------------------------------

Unrestricted regression:

. b1x2: reg FAR lAvFI lTotPop water emp emp2 emp3 emp4 stadis stadis2 stadis3 stadis4 statio
> ns  ownerosh Bshare immigshare      
------------------------------------------------------------------------------
         FAR |      Coef.   Std. Err.      z    P>|z|     [95% Conf. Interval]
-------------+----------------------------------------------------------------
       lAvFI |   3.012625   .5160969     5.84   0.000     2.001093    4.024156
     lTotPop |  -.2953464   .1172914    -2.52   0.012    -.5252333   -.0654595
       water |  -.4184249   .3219148    -1.30   0.194    -1.049366    .2125166
         emp |  -.0025826   .0007121    -3.63   0.000    -.0039783   -.0011868
        emp2 |   6.09e-07   1.90e-07     3.21   0.001     2.37e-07    9.81e-07
        emp3 |  -5.78e-11   1.85e-11    -3.12   0.002    -9.41e-11   -2.15e-11
        emp4 |   1.75e-15   5.90e-16     2.97   0.003     5.95e-16    2.91e-15
      stadis |   .0065323   .0051879     1.26   0.208    -.0036357    .0167003
     stadis2 |  -.0000145   .0000104    -1.40   0.163     -.000035    5.88e-06
     stadis3 |   9.72e-09   7.88e-09     1.23   0.217    -5.73e-09    2.52e-08
     stadis4 |  -2.28e-12   1.92e-12    -1.18   0.237    -6.05e-12    1.50e-12
    stations |   1.276921   .2650631     4.82   0.000     .7574073    1.796435
    ownerosh |   .4137864   2.511569     0.16   0.869    -4.508799    5.336372
      Bshare |   .3239891   1.006105     0.32   0.747     -1.64794    2.295918
  immigshare |   2.757185   2.239347     1.23   0.218    -1.631855    7.146225
       _cons |  -14.45599   4.369313    -3.31   0.001    -23.01968   -5.892292
------------------------------------------------------------------------------

Decomposition of changes in coefficients on x1 vars:

       lAvFI lTotPop water emp emp2 emp3 emp4 stadis stadis2 stadis3 stadis4 stations

into parts due to these groups:

g1  = ownerosh

g1 = Bshare

g3 = immigshare

------------------------------------------------------------------------------
         FAR |      Coef.   Std. Err.      z    P>|z|     [95% Conf. Interval]
-------------+----------------------------------------------------------------
lAvFI        |
          g1 |   .0047519   .0292394     0.16   0.871    -.0525562    .0620601
          g1 |   .0047519   .0292394     0.16   0.871    -.0525562    .0620601
          g3 |   .2525275   .2113213     1.19   0.232    -.1616547    .6667098
        __TC |   .2620314   .2227024     1.18   0.239    -.1744573      .69852
------------------------------------------------------------------------------

Note: The __TC...  line is the sum of all x2 variables' impacts on each x1.
      The reported covariance between this coef and all others is zero.
      This is NOT correct!!

Done with -b1x2-.


. b1x2 FAR, x1all(Bshare `controls') x2all(ownerosh lAvFI immigshare) x2delta(g1 =ownerosh :
> g1=lAvFI:g3=immigshare) x1only(Bshare)

                                                      Number of obs = 277


Restricted regression:

. b1x2: reg FAR Bshare lTotPop water emp emp2 emp3 emp4 stadis stadis2 stadis3 stadis4 stati
> ons      

------------------------------------------------------------------------------
         FAR |      Coef.   Std. Err.      z    P>|z|     [95% Conf. Interval]
-------------+----------------------------------------------------------------
      Bshare |  -2.258776   .6824768    -3.31   0.001    -3.596406   -.9211466
     lTotPop |  -.2291937   .1149034    -1.99   0.046    -.4544002   -.0039872
       water |  -.4158227   .3412228    -1.22   0.223    -1.084607    .2529617
         emp |  -.0021254   .0007234    -2.94   0.003    -.0035432   -.0007076
        emp2 |   4.39e-07   1.93e-07     2.27   0.023     6.02e-08    8.17e-07
        emp3 |  -3.87e-11   1.88e-11    -2.06   0.039    -7.55e-11   -1.95e-12
        emp4 |   1.12e-15   5.96e-16     1.89   0.059    -4.39e-17    2.29e-15
      stadis |   .0083125   .0054695     1.52   0.129    -.0024076    .0190325
     stadis2 |  -.0000193   .0000109    -1.77   0.076    -.0000406    2.04e-06
     stadis3 |   1.24e-08   8.09e-09     1.54   0.125    -3.44e-09    2.83e-08
     stadis4 |  -2.61e-12   1.93e-12    -1.35   0.175    -6.40e-12    1.17e-12
    stations |   1.109199   .2786161     3.98   0.000     .5631214    1.655277
       _cons |   9.924662   1.592038     6.23   0.000     6.804324      13.045
------------------------------------------------------------------------------

Unrestricted regression:

. b1x2: reg FAR Bshare lTotPop water emp emp2 emp3 emp4 stadis stadis2 stadis3 stadis4 stati
> ons  ownerosh lAvFI immigshare      
------------------------------------------------------------------------------
         FAR |      Coef.   Std. Err.      z    P>|z|     [95% Conf. Interval]
-------------+----------------------------------------------------------------
      Bshare |   .3239891   1.006105     0.32   0.747     -1.64794    2.295918
     lTotPop |  -.2953464   .1172914    -2.52   0.012    -.5252333   -.0654595
       water |  -.4184249   .3219148    -1.30   0.194    -1.049366    .2125166
         emp |  -.0025826   .0007121    -3.63   0.000    -.0039783   -.0011868
        emp2 |   6.09e-07   1.90e-07     3.21   0.001     2.37e-07    9.81e-07
        emp3 |  -5.78e-11   1.85e-11    -3.12   0.002    -9.41e-11   -2.15e-11
        emp4 |   1.75e-15   5.90e-16     2.97   0.003     5.95e-16    2.91e-15
      stadis |   .0065323   .0051879     1.26   0.208    -.0036357    .0167003
     stadis2 |  -.0000145   .0000104    -1.40   0.163     -.000035    5.88e-06
     stadis3 |   9.72e-09   7.88e-09     1.23   0.217    -5.73e-09    2.52e-08
     stadis4 |  -2.28e-12   1.92e-12    -1.18   0.237    -6.05e-12    1.50e-12
    stations |   1.276921   .2650631     4.82   0.000     .7574073    1.796435
    ownerosh |   .4137864   2.511569     0.16   0.869    -4.508799    5.336372
       lAvFI |   3.012625   .5160969     5.84   0.000     2.001093    4.024156
  immigshare |   2.757185   2.239347     1.23   0.218    -1.631855    7.146225
       _cons |  -14.45599   4.369313    -3.31   0.001    -23.01968   -5.892292
------------------------------------------------------------------------------

Decomposition of changes in coefficients on x1 vars:

       Bshare lTotPop water emp emp2 emp3 emp4 stadis stadis2 stadis3 stadis4 stations

into parts due to these groups:

g1  = ownerosh

g1 = lAvFI

g3 = immigshare

------------------------------------------------------------------------------
         FAR |      Coef.   Std. Err.      z    P>|z|     [95% Conf. Interval]
-------------+----------------------------------------------------------------
Bshare       |
          g1 |   .0047607   .0296412     0.16   0.872     -.053335    .0628563
          g1 |   .0047607   .0296412     0.16   0.872     -.053335    .0628563
          g3 |  -.8762227   .7133535    -1.23   0.219     -2.27437    .5219244
        __TC |  -.8667014   .7118038    -1.22   0.223    -2.261811    .5284083
------------------------------------------------------------------------------

Note: The __TC...  line is the sum of all x2 variables' impacts on each x1.
      The reported covariance between this coef and all others is zero.
      This is NOT correct!!

Done with -b1x2-.


. b1x2 FAR, x1all(immigshare `controls') x2all(ownerosh lAvFI Bshare) x2delta(g1 =ownerosh :
> g1=lAvFI:g3=Bshare) x1only(immigshare)

                                                      Number of obs = 277


Restricted regression:

. b1x2: reg FAR immigshare lTotPop water emp emp2 emp3 emp4 stadis stadis2 stadis3 stadis4 s
> tations      

------------------------------------------------------------------------------
         FAR |      Coef.   Std. Err.      z    P>|z|     [95% Conf. Interval]
-------------+----------------------------------------------------------------
  immigshare |   5.012365   1.593897     3.14   0.002     1.888384    8.136345
     lTotPop |  -.2731543   .1147271    -2.38   0.017    -.4980154   -.0482933
       water |  -.3820976   .3413801    -1.12   0.263     -1.05119    .2869951
         emp |  -.0023059   .0007518    -3.07   0.002    -.0037794   -.0008324
        emp2 |   4.68e-07   1.99e-07     2.35   0.019     7.77e-08    8.59e-07
        emp3 |  -4.22e-11   1.94e-11    -2.17   0.030    -8.03e-11   -4.08e-12
        emp4 |   1.27e-15   6.21e-16     2.05   0.040     5.54e-17    2.49e-15
      stadis |   .0092883   .0054759     1.70   0.090    -.0014442    .0200209
     stadis2 |  -.0000224   .0000109    -2.06   0.040    -.0000438   -1.07e-06
     stadis3 |   1.66e-08   8.14e-09     2.03   0.042     6.02e-10    3.25e-08
     stadis4 |  -3.99e-12   1.96e-12    -2.04   0.042    -7.83e-12   -1.51e-13
    stations |   1.175077   .2790713     4.21   0.000     .6281073    1.722047
       _cons |   9.038052   1.589104     5.69   0.000     5.923466    12.15264
------------------------------------------------------------------------------

Unrestricted regression:

. b1x2: reg FAR immigshare lTotPop water emp emp2 emp3 emp4 stadis stadis2 stadis3 stadis4 s
> tations  ownerosh lAvFI Bshare      
------------------------------------------------------------------------------
         FAR |      Coef.   Std. Err.      z    P>|z|     [95% Conf. Interval]
-------------+----------------------------------------------------------------
  immigshare |   2.757185   2.239347     1.23   0.218    -1.631855    7.146225
     lTotPop |  -.2953464   .1172914    -2.52   0.012    -.5252333   -.0654595
       water |  -.4184249   .3219148    -1.30   0.194    -1.049366    .2125166
         emp |  -.0025826   .0007121    -3.63   0.000    -.0039783   -.0011868
        emp2 |   6.09e-07   1.90e-07     3.21   0.001     2.37e-07    9.81e-07
        emp3 |  -5.78e-11   1.85e-11    -3.12   0.002    -9.41e-11   -2.15e-11
        emp4 |   1.75e-15   5.90e-16     2.97   0.003     5.95e-16    2.91e-15
      stadis |   .0065323   .0051879     1.26   0.208    -.0036357    .0167003
     stadis2 |  -.0000145   .0000104    -1.40   0.163     -.000035    5.88e-06
     stadis3 |   9.72e-09   7.88e-09     1.23   0.217    -5.73e-09    2.52e-08
     stadis4 |  -2.28e-12   1.92e-12    -1.18   0.237    -6.05e-12    1.50e-12
    stations |   1.276921   .2650631     4.82   0.000     .7574073    1.796435
    ownerosh |   .4137864   2.511569     0.16   0.869    -4.508799    5.336372
       lAvFI |   3.012625   .5160969     5.84   0.000     2.001093    4.024156
      Bshare |   .3239891   1.006105     0.32   0.747     -1.64794    2.295918
       _cons |  -14.45599   4.369313    -3.31   0.001    -23.01968   -5.892292
------------------------------------------------------------------------------

Decomposition of changes in coefficients on x1 vars:

       immigshare lTotPop water emp emp2 emp3 emp4 stadis stadis2 stadis3 stadis4 stations

into parts due to these groups:

g1  = ownerosh

g1 = lAvFI

g3 = Bshare

------------------------------------------------------------------------------
         FAR |      Coef.   Std. Err.      z    P>|z|     [95% Conf. Interval]
-------------+----------------------------------------------------------------
immigshare   |
          g1 |  -.0199127   .1218373    -0.16   0.870    -.2587094    .2188839
          g1 |  -.0199127   .1218373    -0.16   0.870    -.2587094    .2188839
          g3 |   -.559421    1.73749    -0.32   0.747    -3.964839    2.845997
        __TC |  -.5992465   1.753182    -0.34   0.732    -4.035421    2.836928
------------------------------------------------------------------------------

Note: The __TC...  line is the sum of all x2 variables' impacts on each x1.
      The reported covariance between this coef and all others is zero.
      This is NOT correct!!

Done with -b1x2-.


. b1x2 FAR, x1all(ownerosh `controls') x2all(immigshare lAvFI Bshare) x2delta(g1 =immigshare
>  :g1=lAvFI:g3=Bshare) x1only(ownerosh)

                                                      Number of obs = 277


Restricted regression:

. b1x2: reg FAR ownerosh lTotPop water emp emp2 emp3 emp4 stadis stadis2 stadis3 stadis4 sta
> tions      

------------------------------------------------------------------------------
         FAR |      Coef.   Std. Err.      z    P>|z|     [95% Conf. Interval]
-------------+----------------------------------------------------------------
    ownerosh |   1.084835   2.697166     0.40   0.688    -4.201513    6.371183
     lTotPop |  -.2450232    .124763    -1.96   0.050    -.4895541   -.0004922
       water |  -.3419264   .3473664    -0.98   0.325    -1.022752    .3388993
         emp |  -.0013198   .0006945    -1.90   0.057     -.002681    .0000413
        emp2 |   1.80e-07   1.80e-07     1.00   0.317    -1.72e-07    5.33e-07
        emp3 |  -1.40e-11   1.75e-11    -0.80   0.425    -4.84e-11    2.04e-11
        emp4 |   3.99e-16   5.65e-16     0.71   0.480    -7.09e-16    1.51e-15
      stadis |   .0089397   .0055836     1.60   0.109     -.002004    .0198834
     stadis2 |  -.0000204   .0000111    -1.83   0.067    -.0000423    1.40e-06
     stadis3 |   1.34e-08   8.31e-09     1.61   0.106    -2.87e-09    2.97e-08
     stadis4 |  -2.84e-12   1.99e-12    -1.43   0.153    -6.73e-12    1.05e-12
    stations |   1.149588   .2841033     4.05   0.000     .5927553     1.70642
       _cons |   9.208529    1.65664     5.56   0.000     5.961574    12.45548
------------------------------------------------------------------------------

Unrestricted regression:

. b1x2: reg FAR ownerosh lTotPop water emp emp2 emp3 emp4 stadis stadis2 stadis3 stadis4 sta
> tions  immigshare lAvFI Bshare      
------------------------------------------------------------------------------
         FAR |      Coef.   Std. Err.      z    P>|z|     [95% Conf. Interval]
-------------+----------------------------------------------------------------
    ownerosh |   .4137864   2.511569     0.16   0.869    -4.508799    5.336372
     lTotPop |  -.2953464   .1172914    -2.52   0.012    -.5252333   -.0654595
       water |  -.4184249   .3219148    -1.30   0.194    -1.049366    .2125166
         emp |  -.0025826   .0007121    -3.63   0.000    -.0039783   -.0011868
        emp2 |   6.09e-07   1.90e-07     3.21   0.001     2.37e-07    9.81e-07
        emp3 |  -5.78e-11   1.85e-11    -3.12   0.002    -9.41e-11   -2.15e-11
        emp4 |   1.75e-15   5.90e-16     2.97   0.003     5.95e-16    2.91e-15
      stadis |   .0065323   .0051879     1.26   0.208    -.0036357    .0167003
     stadis2 |  -.0000145   .0000104    -1.40   0.163     -.000035    5.88e-06
     stadis3 |   9.72e-09   7.88e-09     1.23   0.217    -5.73e-09    2.52e-08
     stadis4 |  -2.28e-12   1.92e-12    -1.18   0.237    -6.05e-12    1.50e-12
    stations |   1.276921   .2650631     4.82   0.000     .7574073    1.796435
  immigshare |   2.757185   2.239347     1.23   0.218    -1.631855    7.146225
       lAvFI |   3.012625   .5160969     5.84   0.000     2.001093    4.024156
      Bshare |   .3239891   1.006105     0.32   0.747     -1.64794    2.295918
       _cons |  -14.45599   4.369313    -3.31   0.001    -23.01968   -5.892292
------------------------------------------------------------------------------

Decomposition of changes in coefficients on x1 vars:

       ownerosh lTotPop water emp emp2 emp3 emp4 stadis stadis2 stadis3 stadis4 stations

into parts due to these groups:

g1  = immigshare

g1 = lAvFI

g3 = Bshare

------------------------------------------------------------------------------
         FAR |      Coef.   Std. Err.      z    P>|z|     [95% Conf. Interval]
-------------+----------------------------------------------------------------
ownerosh     |
          g1 |  -.3664465   .4104954    -0.89   0.372    -1.171003    .4381097
          g1 |  -.3664465   .4104954    -0.89   0.372    -1.171003    .4381097
          g3 |   .0559333   .1902426     0.29   0.769    -.3169354    .4288019
        __TC |  -.6769597   .7060639    -0.96   0.338     -2.06082    .7069002
------------------------------------------------------------------------------

Note: The __TC...  line is the sum of all x2 variables' impacts on each x1.
